Global
40.11007176601176383 -82.99197250888396127
40.11007061745722524 -82.99197364922834197
40.11006969012753132 -82.99197496966078802
40.11006854511042263 -82.99197634499331855
40.11006755939701662 -82.99197777377104046
40.11006658331783825 -82.99197911636640868
40.11006565388808554 -82.99198069780045728
40.11006444178666186 -82.99198250809391197
40.11006346352363039 -82.99198397494161838
40.11006250375913851 -82.99198525495786782
40.11006143203328378 -82.99198673567899220
40.11006049494634595 -82.99198813332114355
40.11005938245305202 -82.99198964766075903
40.11005837290181830 -82.99199120734068913
40.11005708750321475 -82.99199305903663060
40.11005571939373482 -82.99199512027627179
40.11005449709201542 -82.99199700915332301
40.11005314190789051 -82.99199897861545594
40.11005219135136457 -82.99200045564782613
40.11005117811072296 -82.99200189548004403
40.11005013017949494 -82.99200356723179084
40.11004889082620650 -82.99200555087428199
40.11004767695387585 -82.99200718069252503
40.11004662032837587 -82.99200868303448431
40.11004541183648797 -82.99201037523880586
40.11004420587097741 -82.99201206311795431
40.11004280018062218 -82.99201416966286615
40.11004183820653424 -82.99201559293592823
40.11004044488162634 -82.99201735042046835
40.11003919981521193 -82.99201930949593020
40.11003817225082457 -82.99202058904924684
40.11003713305559160 -82.99202208861002816
40.11003578738394282 -82.99202408265159647
40.11003483122338764 -82.99202547386289552
40.11003374835735258 -82.99202681719785346
40.11003265196800527 -82.99202820239784728
40.11003128372105664 -82.99203012633778087
40.11003019489105981 -82.99203167474695420
40.11002913722825980 -82.99203311457615939
40.11002809665718871 -82.99203463195611619
40.11002703971740146 -82.99203615772405840
40.11002623217068219 -82.99203767755479078
40.11002522577526008 -82.99203903557544493
40.11002428743304193 -82.99204033157026572
40.11002317515268345 -82.99204197637475033
40.11002181019065205 -82.99204405178723221
40.11002041087489545 -82.99204589749548688
40.11001902039740941 -82.99204780135063686
40.11001801769601371 -82.99204926118169112
40.11001707127962135 -82.99205070576873311
40.11001568529613337 -82.99205266117239432
40.11001469736717695 -82.99205402716255264
40.11001361618102123 -82.99205550859383607
40.11001251985879890 -82.99205699182539320
40.11001139482759470 -82.99205844713537772
40.11001030038409709 -82.99205999545232260
40.11000925302629128 -82.99206143645875500
40.11000826629434357 -82.99206306305225667
40.11000689947923092 -82.99206505817242885
40.11000594896927396 -82.99206663557171737
40.11000453039181224 -82.99206875496400926
40.11000320988411261 -82.99207063879094903
40.11000213996845787 -82.99207212127356570
40.11000079037390265 -82.99207406080056160
40.10999973991201273 -82.99207544933436509
40.10999813413167203 -82.99207742590266434
40.10999704272814625 -82.99207878929350102
40.10999603967739091 -82.99208028015171124
40.10999485997167113 -82.99208185065364773
40.10999374215423074 -82.99208330065349060
40.10999277892672410 -82.99208462305043099
40.10999131825265351 -82.99208662193746022
40.10999029662386306 -82.99208799542475390
40.10998884825840349 -82.99209014583641419
40.10998781946906178 -82.99209168791666968
40.10998667985658273 -82.99209330126262785
40.10998561503704707 -82.99209491330093158
40.10998468389477978 -82.99209631582515101
40.10998375346564870 -82.99209776512088865
40.10998272081784677 -82.99209921266701429
40.10998130215106272 -82.99210147869612797
40.10998030951407856 -82.99210292439579462
40.10997924441866047 -82.99210450333595190
40.10997823155830133 -82.99210605912719529
40.10997719013031571 -82.99210763659465329
40.10997602095871883 -82.99210915846121850
40.10997443153174657 -82.99211109524404151
40.10997334882065246 -82.99211264117602127
40.10997224188331245 -82.99211401234781249
40.10997064210752683 -82.99211618841314930
40.10996964086634620 -82.99211758966222874
40.10996836770743812 -82.99211940166883039
40.10996731401169768 -82.99212086583355585
40.10996615938125132 -82.99212258873153303
40.10996475331335631 -82.99212464959455815
40.10996367339367907 -82.99212623125185928
40.10996244162401325 -82.99212793463664184
40.10996133879193337 -82.99212933589247143
40.10996018641792915 -82.99213104656837459
40.10995858152866589 -82.99213321390459441
40.10995740309254387 -82.99213482985025792
40.10995627836828703 -82.99213628621829741
40.10995516311653830 -82.99213774860847082
40.10995407204058694 -82.99213940970854253
40.10995301735548679 -82.99214102485548494
40.10995152826549059 -82.99214298727295613
40.10995019215131663 -82.99214465199001722
40.10994858523175566 -82.99214671531967724
40.10994737700320911 -82.99214833841605810
40.10994631184674830 -82.99214990673823422
40.10994503396300814 -82.99215159745901360
40.10994389294715745 -82.99215321160079384
40.10994272733236699 -82.99215471537284827
40.10994156933261223 -82.99215644339592757
40.10994031970520268 -82.99215821903226242
40.10993921076417479 -82.99215991386171254
40.10993802037614131 -82.99216111823298547
40.10993722192127819 -82.99216284588005976
40.10993602089924792 -82.99216462009236750
40.10993499083151193 -82.99216608708216825
40.10993376412977085 -82.99216758932814741
40.10993245022441300 -82.99216918410120059
40.10993100693394098 -82.99217063597876631
40.10992909760068414 -82.99217208304155236
40.10992771193337347 -82.99217308672504601
40.10992617034300878 -82.99217413350963568
40.10992452741399461 -82.99217502113781109
40.10992294146759463 -82.99217572322523040
40.10992130260311939 -82.99217648888863152
40.10991915185905299 -82.99217730300053120
40.10991751487873103 -82.99217783624158074
40.10991546679691311 -82.99217853045310278
40.10991378236644067 -82.99217901848977874
40.10991220459738571 -82.99217928859636118
40.10991033491250590 -82.99217962405438698
40.10990859012105858 -82.99217982369148672
40.10990653329772471 -82.99217996920221196
40.10990513820639336 -82.99218007706406297
40.10990340340518401 -82.99218004927041648
40.10990161061785386 -82.99217992241230490
40.10989981186110498 -82.99217950468256788
40.10989807095310766 -82.99217904360621390
40.10989636221904675 -82.99217850262245122
40.10989460460972822 -82.99217781543443095
40.10989291175073390 -82.99217692518693923
40.10989132757636355 -82.99217600480815804
40.10988967451825005 -82.99217503457587952
40.10988814417837034 -82.99217383568667117
40.10988667981524713 -82.99217266323337583
40.10988539152679522 -82.99217141124368879
40.10988402820080267 -82.99217007678153379
40.10988273825421402 -82.99216872007895063
40.10988156632188151 -82.99216740477640997
40.10988034796643831 -82.99216591069908588
40.10987917121843083 -82.99216457186518880
40.10987731571302106 -82.99216250745533330
40.10987557403660020 -82.99216050877944895
40.10987413865592544 -82.99215891003120760
40.10987268682471552 -82.99215735146957229
40.10987132991311199 -82.99215571452724305
40.10986985694140117 -82.99215408525103044
40.10986804783678394 -82.99215183736751555
40.10986671769270373 -82.99215028552671924
40.10986567533804248 -82.99214912970759883
40.10986427093390461 -82.99214758778536805
40.10986292797172581 -82.99214586844777841
40.10986104854308820 -82.99214383807841955
40.10985977288793691 -82.99214222961261100
40.10985790366698467 -82.99213975571896640
40.10985611314826116 -82.99213733123663417
40.10985439066120506 -82.99213520253854881
40.10985313032818311 -82.99213342424926054
40.10985176598818924 -82.99213164275501242
40.10985044753613238 -82.99212995072346644
40.10984904023166564 -82.99212826893463557
40.10984707251523673 -82.99212602422244345
40.10984566970125087 -82.99212442879263563
40.10984459225311127 -82.99212323937254610
40.10984317551995559 -82.99212161792878817
40.10984211420193901 -82.99212044668878718
40.10984069793472173 -82.99211880977041744
40.10983931856745244 -82.99211715057593608
40.10983828306716958 -82.99211589968986402
40.10983685196887905 -82.99211418111299565
40.10983546829510260 -82.99211236457794882
40.10983418439997195 -82.99211074568090396
40.10983329696624367 -82.99210939324053982
40.10983183214816705 -82.99210743576044536
40.10983055103292116 -82.99210565656123606
40.10982905843264490 -82.99210364052338207
40.10982756307303987 -82.99210171671265357
40.10982610204718668 -82.99209996990740024
40.10982458373464254 -82.99209828992763960
40.10982221152713123 -82.99209568497174416
40.10982053626345589 -82.99209395479338980
40.10981933625921414 -82.99209276785236966
40.10981739142039970 -82.99209054568858335
40.10981635243258836 -82.99208940533135603
40.10981525441290074 -82.99208821238143230
40.10981370477054497 -82.99208663066391978
40.10981218444987206 -82.99208506353600967
40.10981071440057377 -82.99208361635918152
40.10980959868840756 -82.99208230678024734
40.10980809960945948 -82.99208066354727009
40.10980712634447087 -82.99207943885170380
40.10980568452046668 -82.99207772217451407
40.10980465496442804 -82.99207645835967639
40.10980271779342132 -82.99207419246118889
40.10980132758431438 -82.99207248361742018
40.10979992927219229 -82.99207072602001745
40.10979858455401370 -82.99206888054889930
40.10979716949588436 -82.99206709367408052
40.10979572535345739 -82.99206527654946797
40.10979384936494796 -82.99206284760992958
40.10979245186570807 -82.99206108545949689
40.10979135878268664 -82.99205982860353004
40.10978941056259828 -82.99205751089802163
40.10978788076857171 -82.99205580743112876
40.10978642665148897 -82.99205419675713813
40.10978525974487496 -82.99205299443133299
40.10978411753443140 -82.99205171277148452
40.10978264527977188 -82.99205002872695047
40.10978100970605453 -82.99204827368657789
40.10977985154818981 -82.99204693961458190
40.10977851293922924 -82.99204542660869777
40.10977690016837727 -82.99204371411533998
40.10977538003275100 -82.99204210110191582
40.10977406243327437 -82.99204054216967563
40.10977304146009459 -82.99203938896630461
40.10977161262196944 -82.99203763751913243
40.10977010463053460 -82.99203588899582940
40.10976851689952127 -82.99203403792738243
40.10976714274160315 -82.99203237431679270
40.10976614481126745 -82.99203114269872117
40.10976427138788125 -82.99202877563628533
40.10976298823996444 -82.99202698221994012
40.10976157989426838 -82.99202510176630199
40.10975976443473456 -82.99202274036056792
40.10975796787913339 -82.99202050813633491
40.10975657099837122 -82.99201885214220908
40.10975505346416981 -82.99201688370494878
40.10975370603453882 -82.99201519206498290
40.10975249376547680 -82.99201388937160573
40.10975126190124485 -82.99201216360343381
40.10974985096405732 -82.99201050679982927
40.10974833175495036 -82.99200881304301447
40.10974724520333012 -82.99200749425705226
40.10974569024092062 -82.99200561099992512
40.10974435481299594 -82.99200400804770084
40.10974329562198193 -82.99200277989862684
40.10974228558272614 -82.99200160700645768
40.10974075303168007 -82.99199976446460880
40.10973915644163412 -82.99199805189869039
40.10973813753337680 -82.99199688130643437
40.10973624539657578 -82.99199453607211296
40.10973486071190308 -82.99199285038619678
40.10973357645869442 -82.99199128100705991
