Global
40.10973700282190180 -82.99198935567616786
40.10973946352303443 -82.99198700486284963
40.10974233532418509 -82.99198414559596415
40.10974680941997406 -82.99197966153388961
40.10975174856201164 -82.99197518415476793
40.10975697536783002 -82.99197103155877642
40.10976263593440194 -82.99196633150688740
40.10976802648429640 -82.99196172022136864
40.10977351445104944 -82.99195694434003201
40.10977945054697358 -82.99195231131949413
40.10978538502922675 -82.99194824394528780
40.10979159097568214 -82.99194459772861876
40.10979827745790516 -82.99194101338954965
40.10980482449023299 -82.99193704693870188
40.10981143891789458 -82.99193300840975951
40.10981817127095894 -82.99192934694924872
40.10982572626823384 -82.99192593458384692
40.10983298657885143 -82.99192309301997739
40.10984027229540061 -82.99192063324788649
40.10984813967360196 -82.99191799710719408
40.10985576695758681 -82.99191552041435216
40.10986343649025798 -82.99191316732161283
40.10987154989088310 -82.99191099024004359
40.10987956306805557 -82.99190989913199701
40.10988813426435939 -82.99190904703556271
40.10989627300509142 -82.99190825442576624
40.10990451938204870 -82.99190778243278999
40.10991330509548902 -82.99190760347204332
40.10992172444696990 -82.99190803789080917
40.10993057688008179 -82.99190844503080200
40.10993893493985496 -82.99190898115469395
40.10994763456626089 -82.99191014667319166
40.10995653032245656 -82.99191165504346657
40.10996509917746522 -82.99191371792218774
40.10997370975560017 -82.99191607465033371
40.10998263491401872 -82.99191902756996342
40.10999118080958681 -82.99192209819777588
40.10999967732679039 -82.99192552969046233
40.11000853249721843 -82.99192940610055302
40.11001697706522151 -82.99193353484413649
40.11002568498851417 -82.99193826169731381
40.11003360975168164 -82.99194347704522556
40.11004139652754930 -82.99194919149290683
40.11004903364179341 -82.99195500229686218
40.11005702310431076 -82.99196066994163345
40.11006447493380733 -82.99196655843475412
40.11007205786985708 -82.99197352684086582
40.11007820459870032 -82.99198021468437503
40.11007540158440321 -82.99197778392439773
40.11007394773700696 -82.99197799784171536
40.11007275310024767 -82.99197900302709741
40.11007074874279965 -82.99198062752483906
40.11006767692194330 -82.99198381291795101
40.11006553973984978 -82.99198691972230790
40.11006357218588647 -82.99199090488610864
40.11006106559620576 -82.99199529181703383
40.11005730902618183 -82.99200055401304610
40.11005351139195341 -82.99200555862260842
40.11004965928403720 -82.99201111343289483
40.11004553883257273 -82.99201723229246852
40.11004134663584608 -82.99202333364526396
40.11003700754908863 -82.99202986570162466
40.11003291072269406 -82.99203613350893249
40.11002853015398983 -82.99204268821816299
40.11002419719496004 -82.99204896234844853
40.11001961845862240 -82.99205501143234187
40.11001498802922782 -82.99206094446060433
40.11001074230072305 -82.99206690858216007
40.11000657451261731 -82.99207292205609576
40.11000233388721625 -82.99207956005589892
40.10999821991856606 -82.99208567228490097
40.10999374995783029 -82.99209199845886076
40.10998943359472690 -82.99209788806246024
40.10998478067549655 -82.99210439934107342
40.10998051185774926 -82.99211063224406359
40.10997780497940113 -82.99211428450541916
40.10997679687699247 -82.99211305557356866
40.10997623462381512 -82.99211191392063824
40.10997587312600388 -82.99211056521784258
40.10997553833490770 -82.99210905529723448
40.10997258518861486 -82.99210693402251593
40.10996963843236074 -82.99210512811785634
40.10996577886681536 -82.99210308623902677
40.10996091758465099 -82.99210087982875450
40.10995551336029763 -82.99209847947912522
40.10994986731876111 -82.99209606006583329
40.10994389951109440 -82.99209393300101567
40.10993724311514796 -82.99209221889130106
40.10993079391930394 -82.99209113843427588
40.10992441857192148 -82.99209038627870427
40.10991781483709673 -82.99209000072731612
40.10991071339073955 -82.99209017951761780
40.10990426821187071 -82.99209079077439810
40.10989794289110932 -82.99209123163714708
40.10989139063899955 -82.99209209582542712
40.10988425332182317 -82.99209368178637192
40.10987755020489942 -82.99209612937208647
40.10987113261982984 -82.99209888208426378
40.10986505338524211 -82.99210168979357150
40.10985893063217844 -82.99210450533351491
40.10985284188640065 -82.99210776842397763
40.10984659661589546 -82.99211216500268051
40.10984111237937100 -82.99211722513247480
40.10983575095877995 -82.99212268783294633
40.10983509495509480 -82.99212074551563489
40.10983508798896224 -82.99211935406160023
40.10983559982658164 -82.99211794311919732
40.10983400417770639 -82.99211578489020269
40.10983147468709120 -82.99211266425301403
40.10982833831003802 -82.99210893456258020
40.10982470308962178 -82.99210463444339325
40.10982049029463781 -82.99209970208619325
40.10981622675676306 -82.99209465936684182
40.10981179272948083 -82.99208912184762710
40.10980756152325455 -82.99208377934338898
40.10980283150227166 -82.99207858616622957
40.10979796958337573 -82.99207322324095060
40.10979361987050140 -82.99206782287724593
40.10978909437430673 -82.99206182234163975
40.10978444054364189 -82.99205612836374257
40.10977946492760537 -82.99205024762763117
40.10977475025359951 -82.99204480062343237
40.10976978023772688 -82.99203899349259927
40.10976497664965024 -82.99203338430747579
40.10976017109837244 -82.99202736197953811
40.10975565347344940 -82.99202145508026263
40.10975077014835222 -82.99201540341756811
40.10974557322780498 -82.99200931558011973
40.10974060047353618 -82.99200324185112265
40.10973554785181960 -82.99199722837590798
40.10973381942675786 -82.99199453413586980
